+1.0000 +0.0000

+1.0000 +0.0000
-1.0000 +0.0000

+1.0000 +0.0000
-0.5000 +0.8660
-0.5000 -0.8660

+1.0000 +0.0000
-1.0000 +0.0000
+0.0000 +1.0000
+0.0000 -1.0000

+1.0000 +0.0000
-0.8090 +0.5878
-0.8090 -0.5878
+0.3090 +0.9511
+0.3090 -0.9511

+1.0000 +0.0000
-1.0000 +0.0000
-0.5000 +0.8660
-0.5000 -0.8660
+0.5000 +0.8660
+0.5000 -0.8660

+1.0000 +0.0000
-0.9010 +0.4339
-0.9010 -0.4339
-0.2225 +0.9749
-0.2225 -0.9749
+0.6235 +0.7818
+0.6235 -0.7818

+1.0000 +0.0000
-1.0000 +0.0000
+0.0000 +1.0000
+0.0000 -1.0000
-0.7071 +0.7071
-0.7071 -0.7071
+0.7071 +0.7071
+0.7071 -0.7071

+1.0000 +0.0000
-0.9397 +0.3420
-0.9397 -0.3420
-0.5000 +0.8660
-0.5000 -0.8660
+0.1736 +0.9848
+0.1736 -0.9848
+0.7660 +0.6428
+0.7660 -0.6428